# oST version 5.0 parameters


[image]

width
640

height
480

[narrow_stereo]

camera matrix
513.137744 0.000000 318.583860
0.000000 523.103462 268.500238
0.000000 0.000000 1.000000

distortion
0.137499 -0.201644 0.011024 0.015002 0.000000

rectification
1.000000 0.000000 0.000000
0.000000 1.000000 0.000000
0.000000 0.000000 1.000000

projection
526.768338 0.000000 327.926749 0.000000
0.000000 540.483832 273.657754 0.000000
0.000000 0.000000 1.000000 0.000000
