kinematics:
  shoulder:
    x: 0
    y: 0
    z: 0.12812915323839735
    roll: -0
    pitch: 0
    yaw: -4.5104645154196363e-05
  upper_arm:
    x: 7.834128674209677e-05
    y: 0
    z: 0
    roll: 1.5705796939895187
    pitch: 0
    yaw: 2.2171361886653832e-06
  forearm:
    x: -0.61236055678444823
    y: 0
    z: 0
    roll: 3.1345938667258011
    pitch: -3.1413044666439571
    yaw: -3.1415353999295599
  wrist_1:
    x: -0.57122853785524974
    y: 0.0013458585553543317
    z: 0.1636917431461738
    roll: 3.133370930220392
    pitch: 3.141156062945849
    yaw: -3.1415363265700815
  wrist_2:
    x: -0.00017520072583907868
    y: -0.11581451716062036
    z: -0.00021616144923077238
    roll: 1.5726627698239994
    pitch: 0
    yaw: -6.3832116881989975e-05
  wrist_3:
    x: 0.0001914513342974664
    y: 0.0923009492403499
    z: -0.00015496436038944114
    roll: 1.5691174251577531
    pitch: 3.1415926535897931
    yaw: 3.1415083485229887
  hash: calib_12012678467302390667