# oST version 5.0 parameters


[image]

width
1920

height
1200

[narrow_stereo]

camera matrix
1204.467250 0.000000 958.961276
0.000000 1205.324257 583.074316
0.000000 0.000000 1.000000

distortion
-0.229734 0.075366 0.000241 0.000729 0.000000

rectification
1.000000 0.000000 0.000000
0.000000 1.000000 0.000000
0.000000 0.000000 1.000000

projection
1033.393231 0.000000 961.661727 0.000000
0.000000 1135.025274 581.294802 0.000000
0.000000 0.000000 1.000000 0.000000
