image_width: 1920
image_height: 1200
camera_name: narrow_stereo
camera_matrix:
  rows: 3
  cols: 3
  data: [1240.87267,    0.     ,  972.12384,
            0.     , 1243.02767,  593.57166,
            0.     ,    0.     ,    1.     ]
distortion_model: plumb_bob
distortion_coefficients:
  rows: 1
  cols: 5
  data: [-0.212854, 0.087868, -0.000663, 0.001053, 0.000000]
rectification_matrix:
  rows: 3
  cols: 3
  data: [1., 0., 0.,
         0., 1., 0.,
         0., 0., 1.]
projection_matrix:
  rows: 3
  cols: 4
  data: [1102.69824,    0.     ,  976.95026,    0.     ,
            0.     , 1181.01343,  591.73537,    0.     ,
            0.     ,    0.     ,    1.     ,    0.     ]
