image_width: 640
image_height: 480
camera_name: narrow_stereo
camera_matrix:
  rows: 3
  cols: 3
  data: [483.74954,   0.     , 303.54166,
           0.     , 483.90527, 264.63694,
           0.     ,   0.     ,   1.     ]
distortion_model: plumb_bob
distortion_coefficients:
  rows: 1
  cols: 5
  data: [0.057869, -0.163689, 0.004768, 0.001138, 0.000000]
rectification_matrix:
  rows: 3
  cols: 3
  data: [1., 0., 0.,
         0., 1., 0.,
         0., 0., 1.]
projection_matrix:
  rows: 3
  cols: 4
  data: [480.56274,   0.     , 302.96884,   0.     ,
           0.     , 485.00174, 266.65171,   0.     ,
           0.     ,   0.     ,   1.     ,   0.     ]
