# oST version 5.0 parameters


[image]

width
640

height
480

[narrow_stereo]

camera matrix
483.749542 0.000000 303.541657
0.000000 483.905272 264.636937
0.000000 0.000000 1.000000

distortion
0.057869 -0.163689 0.004768 0.001138 0.000000

rectification
1.000000 0.000000 0.000000
0.000000 1.000000 0.000000
0.000000 0.000000 1.000000

projection
480.562739 0.000000 302.968843 0.000000
0.000000 485.001738 266.651712 0.000000
0.000000 0.000000 1.000000 0.000000
