# oST version 5.0 parameters


[image]

width
1920

height
1200

[narrow_stereo]

camera matrix
1221.044103 0.000000 924.832928
0.000000 1223.752706 542.850150
0.000000 0.000000 1.000000

distortion
-0.222396 0.090243 0.003729 0.001570 0.000000

rectification
1.000000 0.000000 0.000000
0.000000 1.000000 0.000000
0.000000 0.000000 1.000000

projection
1075.358699 0.000000 924.466525 0.000000
0.000000 1158.805331 540.779723 0.000000
0.000000 0.000000 1.000000 0.000000
